Ag: 107.87
B: 10.811
Ba: 137.34
Br: 79.909
C: 12.01115
Ca: 40.08
Cl: 35.453
Co: 58.9332
Cr: 51.996
Cs: 132.905
Cu: 63.54
F: 18.9984
Fe: 55.847
H: 1.00797
I: 126.9004
K: 39.0983
Li: 6.941
Mn: 54.9381
N: 14.0067
Na: 22.9898
Ni: 58.71
O: 15.9994
Os: 190.2
P: 30.9738
Pd: 106.4
Rb: 85.47
Rh: 102.905
Ru: 101.07
S: 32.064
Si: 28.086
Zn: 65.37
Zr: 91.22
